505844352
170129664
-519114304
-835634112
108148608
725088128
-155122176
245099136
-301869184
762257152
-365538688
-738640064
720931328
710090880
828162432
899187328
-996013952
813126144
17783744
865328512
343781248
-343096960
316173184
575306752
504395008
417722240
745822080
-929625984
621499520
-774714432
471261184
-136082112
605125760
-845847104
-292080448
-597360896
-73306816
131373696
-661423360
167916032
432391680
717755264
-669609856
-32917632
317261184
144006144
-709105024
-164814720
-446721856
-509878784
-496644672
951627776
471865472
-581537792
-649629184
-230506368
93058048
59804224
-213437888
833751552
-528680224
-868138816
734171008
-195271616
604681216
-300668672
-395462848
-769498624
-274016832
-591747200
-376838208
-414462272
-888552192
505771264
764791808
-756260032
985516544
379892224
254332416
-847164032
-422657664
22770048
482143744
386032512
176885888
206130560
-697906688
503386112
903521408
-721324928
-519038816
-42227840
848738944
-87979520
-190084352
267296256
-63946944
-567352512
977327360
-696178496
909256832
390640000
347562624
891840768
-498833536
20054080
588604032
-789470208
-725743680
47191744
-341438016
768499712
381388160
-42649792
911833216
406706432
-335373568
-979194432
-62004864
362640128
551739776
-988573312
691821696
-555192704
112881280
-449540608
-964866624
-551641856
-735884032
459942656
-670362880
-201782592
-740308480
-932313728
-909801472
-141701632
440433152
301819264
-213940544
-884839360
-688640384
-857724864
306131968
227756544
-193215232
-965972800
-722147712
-780537792
893079424
-792034944
-380290752
-422332736
-823281280
62304704
693252992
197484544
-793216896
-299840832
196048896
910056832
-733840576
-350198208
889147776
-787463872
747463040
-473355296
418471040
902049536
185026432
-901886272
-229486208
537823616
-436189184
114905856
-582244864
296819328
782725120
-849007424
-370125376
103732736
801946240
345700352
-707520384
-132277824
-908178816
677769600
-165931264
827296000
333656576
-436156096
440704640
-812329344
485534336
224437504
614118400
-572597632
-802945280
-719157952
-198517824
-272910464
-783584960
-878347392
948318464
-733448128
-788104768
-835675712
484588544
898641024
566735488
143499648
706130688
72793728
-406077952
-410569088
915876736
-332881408
-488361888
-692983552
864100480
-486619840
-169450368
-717741696
36936384
-412346176
-842706496
380371072
-334523904
-805356352
-645690432
960819840
729631104
904983680
-394056512
783120256
722205696
-440743616
-358941376
293001728
-506528704
793969536
-671176192
793559680
262258432
349153664
-373903232
26311296
197452928
701665664
-245363520
-670694336
-118989760
251044864
741305984
379536896
-249458240
-969840512
-427656768
51806784
623724160
-335585088
-896830528
735577600
393460096
763091200
-426885504
562107648
356097664
-462857216
-536100032
603455488
783247488
294254208
944656128
-1249664
794307584
-24373376
548957056
-283447040
-756348864
-191296320
-201994624
74048768
-137147648
-998206656
773639680
-32116160
606774784
-721300032
-965938688
-502241536
-670216832
645730688
-801226688
400900480
-40552576
525596672
-387440960
603240576
13244160
316216832
-876783488
234375168
912041472
-870877440
-119232704
959382016
-673568640
549277696
-633486080
17883776
-651411520
168949120
-489552608
294881408
504582400
-73206144
-438803776
945565440
417260928
-6443392
159101184
-725811712
972085120
-568077312
116880000
-138963264
340883200
52651136
643119744
-857219136
844028928
-87891968
-496372000
-404465088
299989632
495311232
136864512
-432672704
329643008
807934464
17883776
377419008
-999948736
432405504
-37266880
-885566336
804201728
-427579456
-626498880
-351601600
-654459136
-383270144
762774528
752384896
16420736
-294367616
698629120
381858176
-244668096
484163072
666200832
163250944
55918080
603434752
481233920
-948225344
-253934144
-260350656
-399650176
656419840
698350208
777171072
236155520
-883440128
822944512
329050880
-232331584
941990784
402914560
599471104
129368064
-669816896
885068544
495369728
-48888128
198715008
15636672
-897485696
863588736
70595712
116003968
857743744
-552894848
965892736
-973733376
-885663872
-697463424
322512896
944870016
-230621312
448785408
686321920
208206592
358572416
-807997888
542690944
-250229440
-420107264
-16900992
377507840
368278272
-857807104
837808128
-433916480
758342272
-682881280
279603584
-867341376
-490752224
-580595328
-82663296
169687808
9788416
-101853248
-201245696
-239042048
-112790848
504814464
901657600
-939376448
-242083968
478368000
841309312
89841024
-399584000
-463159680
-521376928
162310272
144156416
547023488
487392896
-431337408
-194638208
-977736192
-214843200
-137638144
-384611712
430011392
468874496
229069696
135994240
-904287424
270300800
653702016
-835631296
601781120
-282057536
-576523520
-773772544
-974153024
881639424
-435235712
571712128
-285054656
112288896
349967872
974808832
501427712
88028928
844022528
295203968
-82981632
285275008
245570560
-266574272
-368927872
785510784
-167963136
199334528
-639887616
552196096
892479488
492379008
615092352
932345344
-394293952
246830720
-480061888
-35391808
-231374784
923743872
-667451136
-436954816
-794123136
897521280
-74803456
-490780416
-387790400
-166121600
-841026432
-538395904
41032576
-120134144
117441024
171060608
655847040
192866816
711315072
916049920
17883776
454011264
-282215040
-288205568
-32214976
46895872
-53870464
215761280
107167232
236251648
-468075520
795903360
-78072768
-707929216
-570050816
574453632
664416256
659884928
-946546752
506719360
-161101632
-760669952
-846310144
657487360
613459456
145015040
485165056
-771248000
-320438016
-576117760
523920640
-50232960
-861626944
847449984
-213437056
935127552
-661742336
-60957376
-89620608
542322944
909778944
-406335936
415221632
299489792
-455552512
488356864
889848192
281357184
365519488
-827033600
231983360
386133376
-114470848
867125632
995876224
-120944128
684573824
882453248
697527808
770682496
-471847712
528030976
660808320
103403392
677283584
-799394944
-439786816
190717312
-27437632
-132003776
-547881344
588344064
-66910656
868265728
689140992
-71402624
119535616
-849204032
290109312
943384960
-758857728
470384896
38377408
768404992
577260672
-547217024
251673216
698053120
671155584
-172274944
-69158208
-399524416
336954496
-254243072
974219520
-316864128
76315264
798340480
992283008
-343343232
-323193984
-493821024
732483200
269473664
21526912
-339741824
124785536
548379008
-908811840
-968718592
324412928
-780507008
-772981376
-647524352
-600250496
878680704
309601024
932670720
495768960
683092992
138139904
49342976
938748032
136838016
437500160
-245343936
823640448
725567488
-752032384
447360896
921721344
-634387200
333117312
-497649600
196048896
-574681152
-157325824
595579776
-748753344
-120520000
532430336
532753792
101282176
-535961888
975458176
-982875712
-536125376
-391662272
-594142336
304113536
-46840256
-492012384
-62718144
-730029312
617766400
-619368960
402955904
-582696960
224477440
-949206464
-643575488
-938369280
539393536
-873620160
-672518144
343751552
574300032
887950080
880165760
789729280
-494440384
577351040
-469192384
-538925952
847813120
-346281024
-103618240
71302784
746662528
369220608
270690176
-573809920
388999552
33861248
745908992
7093184
321708288
989989248
472752896
-3727040
-424830784
-329863424
252911616
856254080
-339681920
974497280
141980800
708382208
649358336
-238384960
-124753856
-513407424
161226112
476655360
855482496
-859847168
8144832
370603008
-730726144
451461120
-667551360
-868264448
257196928
221157632
-74384384
-805172288
-958262272
806711808
450297856
-535021920
854178176
-789682304
-767532096
166875776
-168169536
954472320
-528279648
522308992
-166707136
-914642176
-979377280
525126272
72569856
910266496
441118848
555560832
-595987456
-22331264
-292212352
767183232
698629120
-185526080
287615744
-624633984
296755456
-47924352
640774784
276865664
741060992
-547733888
937309184
980087552
-177711296
-291776640
-195044288
974491776
-878420864
791737344
-574006464
-75494272
383940864
737699200
600859648
-963701888
-16748288
854560896
-792235328
-547541120
592336640
-722652864
-650406080
444804864
-578581120
-331671488
-510866240
177871488
733895040
788816640
-397402176
960819840
-691470464
595526144
797519616
745965184
-847374720
885205120
-154500096
251095808
-200989632
996566016
733217280
337682560
-407462592
97137408
-183190400
-88720640
50112256
537155328
-176125376
-507542336
-163004800
-813730176
-996405824
-283601792
51709504
448478592
117441024
786168576
231251712
-935469824
-733130624
-858880576
268673024
469323392
-523271744
-529468768
282474240
816477440
271352704
-543045376
399504640
796012288
10304192
635478912
-284966144
220209920
945034624
973997568
-143709760
422397824
-853309632
911990912
-131280512
110080128
167437056
-717879552
861911680
1343872
503218816
-431257728
-700896512
-38870720
-325439360
-257397952
-395173760
-293622144
593625728
-517608960
201629952
43519616
-581024704
-229115648
869587968
-285296192
-42169408
315542400
60898752
-969399104
-698014080
-303716352
-358325440
-712324480
529106048
276183680
-467834720
-464065856
500919808
350282752
61551680
-854514688
154947456
-585716480
-124181504
287353984
-661873984
-361608320
-35030208
-169618944
-174464256
-917352576
669145600
-972561728
920314880
203236480
-342909824
191897216
-877187328
-499886208
-665603584
951695360
-961246912
252911616
876043136
458220032
228873088
792380416
608891392
-759541632
-96717120
-89760896
-798338048
988232192
-321809792
156994432
-259307392
713171328
-237476864
-111365120
-178417600
602880768
158832640
238790784
832701696
-136478912
553474176
-390786368
169668096
403845760
614169728
-465393376
804306176
519388800
105728
-934618048
-823821056
-381671104
117460608
321668736
464811136
-454102912
378800768
-741474688
121617792
-294417472
-842677248
-788561856
-420530880
-978977984
413525376
604019840
-771698304
-574447616
453426176
163701120
-632718208
-307526784
-262563136
663162752
-157233664
988342528
661331712
662273664
514623616
-767968384
886787840
-344473152
139842688
-536120608
936215808
11532800
-778089728
-57489408
411016832
-231010688
746625152
-522040704
197188224
-682942016
-709957312
-906977216
506665344
-280681664
-766121664
318093824
530888320
-100069376
-773549824
-735644608
-317824512
-695572480
149390336
-122654784
151554048
552653952
-876362176
-63550144
-406902656
-800249472
-711128576
-261082816
-403636992
-913880192
-841038720
-789986304
10755520
-695641152
-404681536
58274496
-864229120
-873856896
149517696
-337442944
439446272
681017344
-144340864
-541355712
428381184
-984717632
-558625664
407429376
195300992
-47768320
595602944
-847629568
-642834688
-873045312
-566647104
880149504
-327561856
126090496
948842752
766526080
-314267136
-172149504
-553297536
-455196864
434644864
725082496
-533320192
789640960
840975744
769255936
-752901824
-302836992
-184102976
448297344
21460288
-996032
388836352
-357075904
-757660544
179914752
-388995584
-920564352
819952640
-813777856
335034240
640093056
26097152
-832959744
-817343232
686656
-560531712
138437760
940838528
291961088
732746368
-291602560
987825664
979488128
-523663040
353873536
-631551744
760375424
-765211008
-390258752
-672821248
-570880128
855599488
-981702848
567175040
-313385408
-426286336
806313216
-510415872
-550128768
864695424
-948044160
-351882624
-292686016
-610960512
893871872
-817648768
789100544
788377600
-878393600
-910414016
424497664
-143967552
-715116160
920390656
-960107392
-920564352
-572467968
-183336832
513111936
116920320
961926784
-521446752
-467221568
-890560128
-197408128
311987072
-838246784
164506496
-104515008
711996800
502595072
-673975168
-139573248
787503616
536669312
986929920
340605824
397399808
928558208
75762688
-119940096
-113699200
822096000
-916528896
598031232
-597424000
-416280128
-437842432
189698560
950537856
964038272
212287488
-856100352
279955712
-177656960
503592832
-197939904
-560666688
-936389184
-582470272
233928704
-983463168
82381312
304692352
-525663168
-887041088
-782649792
-859250944
246327040
502036992
974328576
581443072
202940288
-313196544
-944970240
-24373376
810526464
164687744
630724992
-634225600
352368768
-464067232
131649280
299494912
-697081600
29489728
37594176
-91503936
75194368
677055232
47582400
-466860128
-938615680
-254179648
904181376
-970590720
212828672
684520832
579396736
-854640384
-117227584
764720256
-649603840
922535296
68605312
877843712
310137984
163840000
-336632512
375418752
687102592
-50516672
718418944
119853056
-557404800
-983315776
-105389184
-900634240
-410209792
395138816
-788132288
-870890752
669189504
-122008064
-462417920
-453650240
-46088512
-51098112
-751325056
-586192896
571105024
-360832192
370758272
-862155968
-139619520
-408774464
286334336
-848994752
-571273344
-227866560
-457449856
434585088
-590223232
214003584
-81132992
-988153152
-510525152
257112320
-575833088
-386136704
201470080
-591718976
-624267712
-240087552
-526135520
994622848
928011776
200280192
-191124736
-60703040
-952329920
676421376
-542244480
802767744
820591360
392770560
107952896
-711286400
81383552
901488128
523440256
-522992768
-809283648
150454656
-526336416
87881088
71724160
-141316800
735427968
-893017984
-359074368
-470519424
-832224960
936436096
-396294016
-360068032
-942799808
-269912640
946798976
-553371328
206509056
-725767680
312220160
-164152960
-447281664
-608203264
660360448
496325632
-932242496
-174537984
310620416
121336960
-206923456
-472676928
463561472
-926213696
478721536
-245705088
-242808384
237083904
-688839552
-357658752
-242626240
-133795648
-145928832
366789760
21488896
910201216
-256950080
555132800
-289558592
478126464
-924659840
883248640
703129856
-877385664
524589312
603496192
811872640
-623163136
-868527232
-631950464
-723216384
-380176768
928433792
677172224
972854912
-723398912
317851264
921314304
262998400
695456640
860978304
-467947072
-429833408
-120944128
-253115136
243719040
-752927680
-452089216
700621568
-581024704
-835631296
47446144
-26975040
476251136
-160412928
-422263616
-712949760
701235328
282474240
139842688
635334912
79291520
-958291968
-514632768
-999235648
-224238848
-81819264
705078400
-260591616
-488038240
436068480
851685760
-762228928
190059904
594923264
-807193216
-755986304
-999156672
-997596096
960127232
-705789312
136139776
705880448
-249614656
810748032
693793536
9635456
-986654720
-593705920
470562048
-661325824
-352390784
485800448
-118094656
338031232
-98651072
-621189888
-342103680
425948160
889074560
-479337696
-199019776
-397347264
-865467712
-379726656
559489408
254102784
903876096
452367744
-890315200
628721024
-629910912
532388608
-174264832
20153792
917663744
223334016
939789312
-926267392
-959158144
302679296
-798091904
424439424
-583306368
-916911936
747691008
-700002816
-821817792
990306688
168164608
628030848
880026496
-270122112
-197748096
-771641280
585687936
-553180096
-948459968
-690012416
-270433088
459614336
-920464832
5426880
752059520
160287744
-748693760
-42394816
-504707488
-183318784
-997254464
-917907136
-663402880
75734528
644094208
-498508160
680002688
-25781568
-268158848
105159936
-935868800
-184847040
-10489472
-537209216
946792576
-691392256
686790400
752942976
-59082752
248586112
16295680
-31024960
-413520896
907502848
961876864
-507962368
-303409920
-254832448
676352896
941578496
-601761024
-18562048
860495360
339400704
-443242496
126997376
505065856
495369728
994793088
774850432
941778176
-449356544
-567002624
-434057856
444018304
-14007168
552547072
-196621184
-467007936
689211136
494300416
-11430208
137119616
-485368736
9788416
-359625920
864927616
376868608
921787904
184340096
90046720
-945825856
18667200
873142656
992749312
899113472
-273519424
-980943680
270859776
-535155392
392770560
986989312
-203217728
-706313984
42116032
-539566592
591880064
978294912
-583843456
470400896
-196412224
948440960
890507392
773359872
-896940480
917064064
879266048
828769024
158240128
793473920
-112176128
592411904
917250816
-117523584
-619337472
-586236416
-148205184
-503438080
303887744
-495126144
-312221440
139972352
856550272
682497152
-109615296
-482434336
24104448
-981526272
455870848
775782784
-564083776
-756469184
176941952
91335680
771703424
342804224
688001408
-255020416
-702704000
529325056
-790348480
247144192
-723869184
176065152
-145925248
687644416
-858854976
-54949696
-240593472
-176309376
693599104
-953469120
21400704
-523271744
-833801152
-88580544
250528512
-758702272
872485248
617860864
250214784
221133312
776203648
-915738496
222747264
-4268288
-268422016
-890616576
906216704
-610198656
-48405888
-778917760
58814272
827851520
767990528
708011776
333095936
-249693888
-76841088
-389037696
-365790336
-262339072
-148965056
-846528896
56005952
756805120
202333440
-447281216
-856093056
817452800
176086528
494396544
996292352
-558449472
-79269568
-317833856
-268727360
811118208
-970890816
341173376
-936549696
364562688
448720640
393084544
35566464
-845671808
-554968832
262320384
294921088
551340672
-399889408
103244032
761917056
458534784
-625027072
502655872
-315212544
36044096
128383872
100859776
-222598784
332323968
-768550400
597171840
745644672
631403264
972316800
451091456
945702272
430500096
275098112
464582016
508876032
-278247232
-431997248
-951483008
358679040
-90613952
-920670720
779219840
-961647296
237569024
-511970944
580623488
979075328
-967987584
278456832
-634452224
-629257792
-593497728
592712704
-315756352
36538944
-61524480
987892352
927574016
-599352576
372950144
-661752064
219202048
449600640
-693083904
318170880
904449792
-110100736
-184654848
762999552
51893952
623724160
433858688
-734618368
-817896576
-573011584
483459072
-71248256
-227124032
38331968
-18076160
-11452032
384722816
-386965184
-741648512
-11138624
853304320
756340352
-250194240
-276684160
345901056
-797652672
413629824
-18595904
-663676160
771287040
-441299968
-338076352
-79552640
-840911360
-811934912
997747712
257118848
374512128
-366535872
194196992
513060736
26097152
-277229248
354945664
961015296
486434816
21447808
865280000
-371274624
617955584
806138240
18574592
96137344
-273673600
-325639360
6899584
920550144
-140930880
-168129344
-827853888
-345486848
-148825728
430462336
317495680
-328713152
677172224
-622280832
-998701888
901606912
-280111360
655161728
-773984448
449571456
-952897920
379053824
425706368
691659648
213764224
866984448
-728000448
-962938368
-40105728
-850939328
-380580160
146053632
-735057088
382465280
-980846592
185469184
706084096
769257728
-966278016
353187840
148346240
-226656064
-158369216
112992640
963596672
382146304
266101760
-645925888
-871911488
342677760
-69139392
95563392
230102912
-261630592
351611264
-733722880
353239936
-133484992
-128015744
-654802368
421099648
-251871808
465241216
983804928
640237952
-489215680
675647616
-98334976
-981154432
-10457408
186784640
780782976
542743680
320272512
-744717952
-692440576
-158314112
150033536
562396288
-613043456
-7192832
-663953408
472347904
641863296
599498112
-323240192
141980800
-665375488
158805632
-536125376
-403004992
-3271616
-561419776
-609887488
-153739584
437862784
-353735808
-877236608
-221369600
-285296192
-164817664
-631377536
86978688
-461778112
-964940608
841523584
-734602816
-845084608
-290871552
320129664
-416519872
410042752
-854726016
-726483840
436891648
231883904
-658434944
897982592
-766144896
-478579872
224431488
-46520640
-308639616
-93129152
-985997824
-177698880
-212943680
-436189184
-718860288
-301352448
-399925184
-253907328
576245376
-859628032
12992512
-800010304
528369024
305233280
661916160
272355840
445361024
-155811328
-200941888
503948800
221556864
378704768
222377856
111540352
-29110656
-92775488
580943488
-852243200
590189184
-436939200
-948023040
-993022528
279164032
-358343040
-308297216
699205760
-654873728
221867264
88373888
552611456
-266477376
660360448
-491434336
-169926208
933002368
456031360
-290549248
134598144
587570560
-140294016
-552034048
607711488
690337792
941414912
466272384
214077568
-943460608
620184064
978003712
-218249088
-394128704
465455872
431403136
724729600
11448000
990482816
-650533504
-551792768
530640128
-327912960
431425920
-399447488
757994880
442124288
-464558368
-80197824
-917089152
-255335168
-975914304
541071616
-867392832
-729189120
566377600
705102976
-365895104
827156864
-522598848
-235257792
-981362368
-532062176
-176451968
684204800
-479678816
-229942912
-879465984
711522944
406839808
603453056
-227094976
-565218816
294849536
-232458624
462954368
114943616
171057920
-792381056
119917952
968591488
513646464
775043072
-694419392
204061568
-240115584
-479459584
-769496192
-529256704
124118784
-238641024
718055168
-627490176
75712128
-357078272
-198269888
-971271296
120980480
-756289408
144428800
164636288
950111616
-719972224
-401395456
-739891712
980358016
239032704
143953024
-121464384
-321189696
635806976
747928320
-503353184
689969920
603783040
499105152
-891944256
941974784
350629376
-438962496
-33430400
74765568
-347572096
-936439552
-648581760
-804574272
-633751040
-124845184
-47768320
-222748032
402472320
-912205376
-280702272
585890304
283498752
-848402688
-879241088
-584934656
-800582656
-645542400
-476883296
479179392
869587968
223054592
209315584
515628928
572166656
520759424
270510848
-857680256
-339903680
804264960
-373753856
828716800
444897280
840849408
187971968
893071872
-148693184
54127552
256958976
-102755200
-969854784
279148160
-447177728
-137278208
-527657216
493350528
-645478848
209665408
-450457792
798578304
-498113824
-488115840
78974080
417944576
25761024
482848640
-666234432
-176945664
67847104
871701760
-76736320
-181776384
486581504
-655331456
201454848
302050688
-520020544
625730944
799092224
-730604480
936124544
-173068352
-663676160
36930176
795386880
100590976
-591890944
-898372864
437372288
-50997184
-547468800
-561058688
421668352
-505283520
96902144
-776388096
379177216
-134067456
671106560
-378262848
847276160
-871056384
-694683008
881308288
173642496
408460672
908867968
115345408
-301389184
-550761984
-386005312
134592768
-124082176
-862879808
994854272
-765397760
946729344
570835840
171060608
-807409280
648950528
890617856
446860160
681391360
157035264
-56877504
273191040
474530432
-525279136
870519168
-727562880
580955008
892202112
474513408
-665465984
526987904
-478302592
206836480
-262133824
819827840
-122873600
-437181568
-996679552
-929597184
-63897984
-462497152
175801344
-242651072
-103732480
-282172096
-541788544
734284416
-569019392
983151616
-922269568
870519168
-681445632
-333717376
-582750336
-976439296
337682560
-282595328
705919872
-838327936
664077440
-490628896
-737991296
407065984
196745216
-622594304
-234966400
256851968
-604683520
-790137984
-220756288
16719552
448336128
297732352
270426624
-669097344
183847552
-746674304
318883968
-221443008
-345537216
3065600
722257792
123110400
864038656
-657689600
-262148096
-829948416
533930112
-566612160
103006720
114252672
39739968
153403904
-196868928
208324864
-182722560
-673971584
-33821568
183337088
200267136
766318080
934518656
143158912
-317479808
892473088
40742400
403226496
149395072
623106304
618350464
812896128
181865472
534093824
933778304
-779661184
-110022656
-524321248
286799872
-197451584
467679616
-625682048
-368986240
289432064
496702464
-952726336
-813686656
-257219200
-976373824
-14458688
-115481408
-143558976
-293913920
-632025856
-22757184
238710528
32437568
475265408
916091776
538566528
966328320
-205120000
889651200
-572910336
922833664
-685266048
932361216
499057920
646776192
565431552
-935572480
-351018496
675262976
803562240
-688278144
-323693248
-15463424
432265088
-290608320
-97907904
-20431296
833090304
-712925440
91738880
-309479552
876257664
-975890048
-854791936
725663616
-343023552
-470264192
273343616
718927616
758921344
802035328
781402240
-953829568
-472388864
-253806720
-607768192
-24633152
-372470720
966653184
-314944640
-407327360
-991656704
620988416
-566831360
876275712
-334472000
725202176
-980748416
373393536
-867414720
394610944
828769024
320326656
865801984
642939776
-626354048
-327446976
136838016
1265152
-992124224
894162688
-536778176
505430528
76910592
670674688
-923403264
-335948992
-557625856
-961334144
414476928
271784960
-808198080
-819334016
-137656896
-304916608
498928512
995332608
886699008
240792704
342782848
-651308224
699883392
252492544
-753553664
-413571136
891910656
-465742816
212218496
44062592
56242240
249019904
516575488
-665848064
160185984
153203072
915174272
544691328
-284776128
839390464
-10692736
587386496
-111378880
119881216
-578692608
688993792
585414784
629798272
810543360
-995845376
400026752
332107392
-901162368
433864704
-424349056
764866432
608632704
959273088
367740544
39049152
-962737792
411211008
-636146688
-444113344
-820550784
-551224320
-478429728
-675617664
374389760
-594073216
238531712
-141160256
-143296064
-843127232
860417536
-628267392
465413376
-318777408
600856320
-891179648
-790355072
285779072
-268109696
-524986240
-868369216
-778758144
-481125952
-354252096
-443242496
631789568
-100093504
-600918592
574012672
-221872512
-379209024
272467072
186798336
-134161088
-355241536
890046720
59200512
349445760
612338944
-232962560
-67917184
975888640
-707385856
336682112
809254528
251422080
810778240
696841216
-772133440
960733056
485078784
-105053056
-562512640
-412708288
-933873792
394487552
-782148352
421289856
419203072
790826624
333204608
-453017984
-120453568
466709248
157101568
-399565952
709884416
521577984
430216832
6005632
59101696
-488582784
360824960
860843520
396738304
773427712
-749327744
-373838592
-376045376
-568064000
996544000
-195321280
763809024
297997312
-994500288
956404480
-462839872
983102976
705102976
155717504
-893447104
859489280
-57728448
-705581824
353680384
261431936
-397698688
153346176
-578029440
858289152
-545720640
300726016
-94998848
-393805056
-665910720
433181824
676913664
304486272
-10353088
339541376
-225431872
317685120
682497152
873466368
-53696576
-9564608
-997327040
-531854304
-606094464
479284608
-119479424
-314069120
-211215552
-867408576
12999424
-208257920
-266303360
435529984
-935506496
47301888
-756594688
-901788224
915676800
-388724352
-202719360
-137278208
-763854272
-439661952
230033920
149096192
717162112
675214080
-628256256
551788928
133887104
908000512
110621056
-389809792
-143296064
-644522624
-510848608
-852784384
-926723200
9265920
154988288
457756800
-242840448
800087424
999496576
445739776
182223232
439463552
-779788608
871399424
-482208320
137062912
-504244064
130472576
306531584
-643298048
399832960
-819391104
-639766080
-691804480
591682944
307992960
369079680
-84714048
-466720352
123763200
27709120
-194713856
-482787968
-699105280
225140608
-675043712
155075456
-568988544
970318464
748291968
241112320
586712064
-686610624
761569792
811230208
-20758784
-577069952
-294355328
-28768896
-448485888
740911872
993405056
480786176
-416045952
572189184
-909327360
409667840
-88001792
519314816
750519424
-257855488
550508800
-52944256
450070656
420043648
-994198720
569902464
252615168
518849792
-673715072
386833152
996293248
-22231936
-77282880
292999680
-317687680
-888065280
942604288
-90095680
984396544
713475456
849773824
-645621120
-248311616
609598592
-521376928
449463168
952059776
-109049792
788381440
-628223552
422712704
-526817280
-525754240
-127377856
97699200
167511424
-377965824
-283665088
82871296
899992192
-411867392
203422976
414262016
-850439040
-300613760
803719808
523275136
826098432
598304512
-135171136
224206080
-224750464
684929792
-262044160
589296896
-329491712
455294464
869065344
-157966464
-831099392
-832098880
-709049344
50278912
-138466688
-423090368
429521536
-544394240
-677723392
805569920
976241408
-277694912
-320496832
23514880
249814528
361596032
-807077376
449406720
-254673920
852972672
-599352576
252797312
721925888
-411506624
585125760
427516928
714631424
134195584
91842816
512243840
244482176
-531652064
333800704
-853788032
968597248
646569344
783525248
888017536
-661423360
506735744
179838848
325552896
-285165568
-993829120
-708819712
-195613376
-48197440
-182657216
955978880
106166912
-899123968
357133056
-859341248
-833097920
984160384
239347584
353042688
-995845376
-647640768
485283200
-109128320
839485824
-183130816
150323328
-30758336
-709954304
-271229120
-914448192
-758213760
538216704
501191680
318477824
-712324480
158846720
955945088
-58879168
-64700160
-127567424
529990016
9568320
-771492800
388781568
827881600
705651584
171246848
-830987904
-985910464
988044800
-886285760
-240818688
412120576
-42241856
237726080
97942144
697661696
995409664
-691220992
398708480
328128640
-663611008
998751744
778190080
-37340928
949285120
820152960
-443047552
98502656
-612920832
331280768
422827264
739065088
-531117280
33523648
237352704
-191878208
-107890240
675580800
160291456
486778368
-577643776
34723904
-340661056
-743715584
13765824
-805422464
372175744
-421773952
-868592832
415531136
783984896
566229376
-216270784
216091776
803873152
-477726528
221157632
-573866240
250147840
-930916032
-809416896
28360704
-698522112
-480751680
-333564032
-948645888
364390912
719670784
-436789376
223762048
17086656
-620979200
-682078976
555981696
-704774400
611486208
724359168
967080320
-115582528
-238056704
-109546944
90652800
-52944256
259352448
162214144
-425201664
893870208
-624265536
-531864032
414687232
275681920
-771319424
331505792
-113954496
450613376
607900544
521942528
-416280128
-483051904
934829056
-971267072
828210944
687841536
928502016
-901162368
-489411072
-236373632
-385539520
995311744
864859776
-15193408
-734402688
-209725504
516953856
695945472
-472281088
-407697088
797412736
-476018496
254149888
404236288
-752276096
983102976
975670400
100960128
-199768512
-321718848
-723813760
-854064128
-161322304
-690809280
-441960448
442353152
-371876800
-933030528
844884352
-552100544
-248162688
283956864
-944631872
-48686784
-96373760
-725142400
782850688
-8082496
568113024
-933873792
80687232
-634394240
-423118016
-144260480
-333065024
-850173696
398981376
-663427840
-909405440
462515200
131319424
397518848
-657770560
-147319168
229715200
-957677952
-263447296
961575808
781402240
-957873024
224488448
-909597312
917250816
-236369664
575864192
231129088
-931300096
852460160
564816000
-234127552
558448512
153102592
476831360
615666688
-783099008
920911872
-75286080
-424185472
220294400
-40295296
261519616
241795328
-644446272
-105952960
737699200
-874027264
-927534528
-649627008
-113944960
476596736
-805935808
-779411840
663368960
-560185984
338854016
890910464
362660352
821800704
122323968
-188073408
696025472
306167808
-378248064
173667968
-506013984
-105389184
-762938624
448035456
212641152
-362653952
-256690816
-288827904
897237120
-430302592
726539008
48572160
-321292416
-314799104
389027200
738552832
157638272
888017536
-894943552
507317120
-494660960
-493855072
319011584
-646347776
414522240
646512640
864804864
735813248
-394401408
113626624
-599361984
25923712
828764672
80683520
-737500544
-423301376
-311226048
311004800
142798080
-936269440
-341823872
-338252736
188972672
-156622656
-663217088
95381248
-198267072
-221210304
-237127488
-4642560
-215012288
-206780928
522827136
-796189952
293181056
-855474944
-653564928
988081152
-461867712
-246538624
669937408
751426048
-982875712
-704036608
675987456
-593697728
85766784
-583073024
713062016
-885708736
678018944
81304704
19526016
-335266432
-146500864
957908992
15227328
-49451264
-550368320
-640743680
626564480
27772544
376357248
-831807168
658013312
122778368
-300646272
-174613504
472477568
223881344
-202890880
888688384
-784314880
854603904
45580288
490609920
592954880
-574613760
-572438720
341528576
219834496
793127808
-872940032
243134080
823685504
-294400960
887665152
-646157568
31167616
-537168128
-90768832
-956891200
-119760384
-201771904
968862592
-939522688
-826355264
28414144
473250304
-101910208
-341127424
470286080
233753984
-840104064
-865423104
-804066816
829991296
-367390912
58078976
498802432
366798464
848490624
-276512256
-852115968
350048256
-861642496
303254016
-368986240
-478929568
-979111232
629521664
-773181248
871421056
438280576
743702016
-262526208
-518838688
155098368
770494592
874413056
-792448960
620118784
491934208
99172480
-463849536
985649280
624403840
315821824
599983616
620622464
-167616320
-377850176
-189227392
-865459072
-235505856
-961127744
-864775936
-646486912
343248256
629066880
219246080
779184768
508749312
-716611136
573387776
101477888
604091008
556118528
-851445632
136188928
-663056640
989202176
694003584
-34490240
-108505024
-961033088
-638434176
522036736
-243292480
709779840
985615360
-579851648
639650688
-616492544
-9679936
-949802560
648841344
966084992
312627072
74018560
-152185152
872541568
924925440
-479624384
950968192
799309568
150817920
641621504
-203161792
-223399680
-333114944
-11436288
518091904
-950893504
529028736
-131168832
-898932096
590607232
-123284032
-304829440
-234121408
59279936
-953968320
316276992
308049664
-22375488
-497440160
438511360
767990528
-173925824
703709952
225461376
281241088
869065344
304939648
740244864
-117643904
965195776
-448372416
521955072
608945024
470785792
-642877952
488997760
35797248
-477907136
-167016064
-939051648
806445056
-54104448
-810450176
-704064512
-644601536
-601701376
794429056
749786624
392744576
136561152
-510612256
180111744
-919832576
-138004736
-268885504
16250624
510451200
504894592
-221885184
-789821568
765975424
-969981632
-497699392
-165668736
-431976128
-978410880
-310217728
617870720
335158784
-333313280
703766656
-765007680
202435072
-176903296
349808512
211049856
-281003648
777624576
-877137536
125572096
990567552
171762688
882764032
-743555712
-19202176
-54493504
156529664
107051648
-758150976
455532800
-97084672
-645919616
842018688
905705600
360579968
-127064320
-727908736
-587844224
-87979520
-24533888
391011072
854474368
-444252224
-274228864
175534336
217071616
-954280896
-624508800
988527232
1852608
-420887296
-334723840
-516947136
891712000
106355584
58572800
-235664640
377039232
945140864
-269668352
187180288
-778558208
-842913792
-173121280
-835675712
543595648
773696384
154980352
-929453312
410216320
-802765632
774395008
-943399168
525222272
7542144
617957760
-409079936
974544128
-866003200
70440768
818624896
-98186496
31370752
-336610496
714250624
275537152
-614273664
840068608
-983552
797994240
-19549632
743176704
-678721408
-94398336
-786662592
-471773632
338559104
-552938176
9575232
86824832
-871697536
-676194944
426865152
517464576
-879051392
-756542720
531523328
-443270208
275815680
897523968
438822528
765411456
748067200
-589748608
-563445248
517748480
-60331648
84716160
791813888
-968421376
607225216
486202496
422388736
742408064
360806528
-559057088
549167232
-992495936
-730582976
349102336
-652344704
386833152
-184820288
-951996672
-407697088
-430647872
-723256064
150817920
905269248
698267904
-534785632
679172480
64899712
-543837696
-856943744
-324725568
540648320
666193664
-826169280
-185574080
647350912
-751492480
-865169344
-293219072
730837632
-429517568
650797952
-459514496
235282560
-992177920
-792118144
-821684608
326663424
-539376384
633842304
456300672
-498308256
40461056
-694909184
-837725952
-680207936
243231232
-402051776
468874752
-757863744
115855872
-322830208
-449281664
-584563072
-616419968
311206272
-173760704
181076352
-490307616
556979712
-964327232
-482069120
-300607296
103642496
-66228544
-735354944
236611072
-928094656
-922388288
718974592
-387728768
-744878400
107364864
-716313280
-971615232
-462385600
-858565760
-905591744
8530368
-645192064
-568259968
-781105792
-461763008
937210752
-180985344
591701504
524155008
492711168
-350859968
518962176
673296256
147174528
-523564576
-675318784
872421504
984447616
1183040
978370048
161051392
-448193280
987106432
946436224
-269608576
511724416
-477806624
795027200
955108224
43953920
212854272
457805952
-865870784
637707136
-816184512
-695103872
987192064
990176000
917003136
303183616
655272064
604974208
-362296512
-505076512
-715299328
-516466720
453426176
59274304
301259392
115689728
-557465472
-456288384
912260992
-399910848
-468351072
-502067072
926153728
403092352
-251047360
924640640
962283392
-903499392
782744704
167463808
889343872
-874239296
-772579776
-830063616
950721664
484788096
-906517568
396878208
-38991360
672141824
831649152
716187904
901999232
811597824
-462683648
396929920
494391040
309643264
391564672
620394624
-383275136
-87945600
18672320
-183975104
764034560
-408348928
247596160
680711168
-995387712
980964736
-197717760
-692898240
-343856704
-898352832
-220050048
-301514368
240135424
-485313600
-980091072
-272248960
-623612544
-212741184
711953152
33679744
-429157184
-140823424
284469120
364513408
-618042752
772109184
144135808
92926592
-460444480
-414984512
917440640
-626325120
-489819520
624571264
388996736
802796544
-147476672
303862784
450169728
-844581504
281998464
698053120
-936378368
614107904
-98951360
927621120
418297728
797324928
792980224
176437248
-52592512
705411968
-698729088
-997319488
-802945280
261502976
-18895424
-530477248
-150018368
-293101696
-399517504
-537209216
-356540608
687756800
183018112
-465589568
550508032
88423680
-536147040
288445056
571432064
-246469696
-528569088
-207122432
338621440
-8573376
706052096
-87578432
-592308480
989819648
-152752320
944109056
-20758784
-750397760
757592320
713462528
349970688
648379264
120800896
-438494080
-295398272
-839801600
220988160
16316800
-258874496
766180992
-356411264
-168527552
506544256
142021632
-65636608
-508624864
-433905216
633677184
-491273408
-472388864
-358039808
-382102720
362706816
269072384
-663167104
422088832
-552894848
-589352960
553186304
649755264
-642564736
133050496
536772864
-217536320
352279936
-971621440
-78815104
455951616
-387296000
192870400
-225764160
-799380864
-801925376
-671832192
693077504
225823232
543570688
75194368
542479232
398461696
237086464
604278144
166940800
274816896
189578240
254490880
-99896704
-427696768
-340751296
-261295552
-518204032
-784899456
103468672
-364675968
637577856
466927872
-829291712
-353961792
-622572672
959367040
-495819744
-176690048
92413696
530648960
-539076480
568529664
-852443840
742660224
399832192
-269074816
145485312
867184256
-496769728
-743088704
-625383424
-951324416
-472219872
-262044992
221071488
-381623168
750484224
26199232
-298582208
829940352
75671552
993788672
-867142464
645544064
192321920
151262336
473809152
-338797824
570651776
275971072
306291712
-884510528
304924416
38838144
-4268288
-321890240
-292228800
-720520640
267756160
-846422080
259352448
-113342656
138567552
-514504576
810209280
-800728832
-687144256
922788864
-914690560
488058624
967705984
-414462272
359284608
-627883136
324415488
379762944
698172544
758490368
-807870784
-360468288
-689332736
-472547840
432737280
-694231296
-798998976
-867917248
-236424832
-173025920
-404071360
341819648
205478144
400485248
32246016
-1568256
924107264
598031232
-771821312
-871406208
261631744
682327424
-75873280
-73306816
-694389056
-614942272
543540352
119502592
-539095552
306437760
372868736
-136105408
-594634368
-641625216
241157376
-543310528
-635890688
157240192
-44521600
-463334560
-218001664
-768592000
-766244224
-983607488
29464384
-683276800
-140627648
-379692032
189300224
-245674048
487870720
-381261632
871797120
-872807872
-666032256
-198718400
910694656
221619712
846160768
-760189568
713250816
650991488
-97786240
870363008
-19171136
369804160
571096320
928434944
594290432
544817664
-684468416
-293071808
-70154240
227000064
640761216
182997120
-838635840
478721536
702960896
-931374464
300973184
-102666944
498856960
-2595136
483271936
338780672
333615616
385541248
-270777280
210487424
66619264
-975828736
713815168
11147648
839507072
96681472
-823628544
-372444544
-544000448
192052992
-643871488
-657871168
836593920
763809024
398479232
-686050432
779681024
903031168
-792887744
-678498688
-647593472
611336064
-15262784
985892352
627773312
389373440
-409699648
-395189504
-151167424
918039552
147170176
671106560
288033792
931309312
-462300544
-50137344
-712153344
-258223680
-90785728
372935168
209118976
-188607232
-467621632
-798056832
604681216
-893026176
-978144448
120005760
338172672
-137174080
987914880
63618880
828037632
145364224
19526016
114943616
-202891392
-354076992
302655872
554357376
321825024
763251840
-503906816
-170276480
-297890688
-361881152
593859712
882351872
-779411840
617916288
398708480
-172059520
-442353472
510115712
534499712
-651126016
-870145088
-165529024
604976768
779943040
-781555776
-92096448
-47674112
-812690304
746031360
-433561536
-984888448
-357907392
217785856
4248512
594616704
-710142976
-110579520
861687808
-947870656
-828572608
-154159040
679622016
-438839424
718424064
-216738496
151654784
679084288
19705152
-321168768
-768309376
-978987200
-818748928
529694976
712353536
-543095552
-959001600
327275520
299130496
-853558720
601100288
-677173056
-677173056
-757863744
303487360
-542497664
469069440
-529397440
-600700288
140094464
-265401088
350286208
864305536
932199680
-859656128
-850140992
-85739072
400111616
415221632
913804672
432409472
-274977152
312049920
513220096
-102921664
232801024
-166164096
884011392
670928128
472145408
523419904
373522688
330305408
716461440
-211182592
811025280
347105920
-195637120
-351002816
348349696
985569536
325347840
-200797440
-994994304
168274176
-696769536
611933568
-873463360
119362432
-911087808
-84315328
227529600
774850432
831589376
-74253952
-980974144
-745640448
-495162144
-380667712
-669830272
83441536
-555481152
844887552
-465238688
-725554432
848424832
81129728
294959488
320095360
850779264
-806846656
-644053824
665421696
-207699648
754415104
707929600
-54949696
119502720
-606166208
844208256
591197952
-473446592
944721664
596743168
310597120
-957117696
792476160
-168394368
652382080
-56165248
-17588096
-127072576
108755072
501443968
-409218560
-306996992
635307648
-542368576
-504704640
76550400
-954846208
598831872
-904009152
237086464
705597184
498804480
-923061696
-500091136
902984576
-349494528
-372270080
387705984
466267520
-201292288
-13261440
318653184
974512896
-444287488
-969960512
-999963328
432501120
336618368
-453448896
-786583232
803647488
938289536
330056320
566453888
130437376
-480035200
-137786432
-904680448
903253376
-627726720
-264499520
-230709824
960261760
-617185664
-454457792
-648906496
-442224512
545023872
-59316608
-868332672
922478208
325576576
697560320
36538944
917995264
-638916800
-626627456
389027200
-248944384
-5188800
-653274816
-438106240
668748160
-69110144
924384128
783247488
46320896
-435648640
-590025600
-488604416
213946112
278399488
470881664
764548352
-482531904
-673311488
493798144
-423729024
57845120
912028672
254867712
18939712
-482168800
458224384
-118327744
-323240192
241681664
-62541184
184360192
-292686016
-431887296
100269568
-157773184
523756800
-934350080
-605664384
-709381824
-203593216
-473764832
833547776
216775680
925765632
205709184
-442907776
730287232
247754240
477302016
903306368
111155456
-820853248
-31903168
-128111808
-242374592
220104448
715128320
106035456
-934743488
860151936
402639104
907204224
-909869184
-462595456
-643327680
-624929728
-880615488
647569408
394796416
622646272
175929728
-433184448
653687168
643482496
-532224352
338862464
-203417920
-341516928
-918581760
-424105984
-896209664
705533184
601111680
-234027520
-865573376
-588669312
-122528832
226536704
-457449856
-70366848
-789682304
838050048
669141376
815814784
-199271104
34551232
-142262400
-599197568
280545536
-48725952
-164096
-350666112
-587872512
981995520
-28467072
891853056
-946697728
-713768064
256649344
48604608
-757922048
-933120
-50656448
761947136
-797830784
-588669312
-186016896
-673241088
-879440640
-168288512
315683456
827685504
-802382336
-872994560
402123136
-142081472
528087552
-731282688
500524416
-539531264
-887254528
491275008
225831040
761682688
58029440
-886903360
-190606528
213518464
586470272
202675200
101326848
523294720
471680640
883519616
-447163712
629833856
572877696
223184768
-123067264
-283446400
585687936
-213097600
-848934528
873466368
-909509888
-804301824
81342336
-761957760
990256768
832748160
-792122624
296374656
-492429312
87076608
-152188736
-218231616
32973184
-580948224
-848899200
830049280
-371399040
704779264
-489540992
-461867712
723151232
-460516736
-350856128
612336128
-355812800
-385191232
-690278784
222379648
-789841792
406239744
-324001984
-871313536
958122752
241259136
-780830464
-79538240
106643840
57406912
-953252416
-426029312
786649600
-517024192
497155328
844884352
948720000
978885120
772112640
965630720
-745893888
242596480
218700288
-828775808
-446656000
10856256
216628992
764809472
257112320
-890786816
416958208
432405504
585414784
-442143232
-610224960
154157824
-955046336
306583296
825929600
-271189184
85196032
-104381632
-202048256
-467410688
-345741888
-504143232
-897515520
322773760
-857011072
-642797696
898501376
51617024
2999872
-74253952
52607744
856805760
-552801088
-968801792
-623740928
-189768640
374547072
549864832
-195334400
-330264192
690836480
-675920512
629004032
796516480
988202752
-936720320
-204956544
221202688
-684297472
-188607232
285951616
-649076224
-490802048
891425792
812622464
-583481664
-948820992
-392065920
177513216
-279738560
-792687872
-360564672
909874560
-538735616
-740128448
787486720
745966848
514060672
-297635904
-953907072
-785234432
-86885888
-524709504
-421773952
-28219584
746496768
-107890624
244849024
-966503104
564623744
-281851776
-380305856
763747072
-357330560
113788672
2406144
-303135232
-724037248
-631214720
-879967744
-717081472
124315008
74970496
-726826240
68513984
752138880
-896301184
881220608
-403805440
-10425408
98551552
142610688
-965805888
-768800768
-670979456
331788928
-2782848
-772233088
-731876544
148753280
-505637984
-33155328
107367296
-216209216
-358012608
798354816
244494080
663507072
352349184
-288280704
812436992
-12999744
296277248
781275520
-259307392
242964992
-17163840
-863752128
-451931840
-178807488
985844608
118210816
378707840
-208148480
606811008
-857298560
736740608
399273984
351077376
914545152
-861739456
-358751936
-678992128
-724934016
294201856
-997981760
-769210496
193554048
-372824960
820385408
484535168
433166208
-342512384
-548154112
-421355712
809103488
339213056
-845785472
-575020544
-319466304
759701376
691739136
529371648
-308972160
976569984
-30924864
849531008
-693083328
766110720
583718656
603240576
-973374848
450084736
-783024704
-361920256
998751744
-741043136
677769600
468448896
-753677312
864372224
770551552
409987456
483211136
-603872000
-234725120
-621030912
-421221824
582247424
654592128
607948032
214016896
-860644480
926851840
259818624
-880442560
505035264
211593984
610200704
-557361792
246508800
713734656
830555264
62096960
640774528
-772047360
-165913792
734134656
-442353472
-193522752
-277641664
-809410112
-75865280
-559384960
-833354496
-480397536
-735269376
781003392
650707712
401978112
-291735680
186784640
-959355776
436840192
302979200
-113095808
-674619136
113320448
-491070208
-944438400
-769014784
-710309120
933186816
14919488
-450831616
-747940992
-686655936
594741760
831354624
540483584
654269184
-217756096
158240128
698789888
-141757056
-173417856
-894002432
-41792512
164769792
-621172864
-970518400
-204963264
906676736
375468032
-349577216
5227776
413796608
-875186240
-744717952
-574051840
-393450752
32368320
984354304
451457152
-677431936
295335808
-428311616
-521681856
-436805056
-259374400
-457780928
589220608
-280937600
70953600
-662153984
393390592
60079680
478001920
532614656
-559227328
-393726336
-963719936
523898496
4810240
830022528
-290205568
-484641248
-170396288
709275008
477396480
-427246528
633936128
666496640
-348222976
-938328704
-840474112
-707310080
9383936
-222640128
-783389504
-942687360
-182971968
-864850944
-320191680
568411648
118873600
-308297216
426448512
-272719808
-873084928
-906067328
196923776
550227840
-389583680
404618240
790941056
-619211392
709993600
-370883904
-160736640
809022848
-886547456
401397888
331215232
-423363136
224636800
381749632
456720896
-648013952
-101111552
297971968
676421376
-253091072
-267350016
-704872448
-20289856
921834880
812355456
-890898048
550445056
-746210304
-672440384
18939712
841963520
475966080
283849600
41032576
201629952
436387328
-592038912
-73777344
-200196736
-817896576
-586192896
-152924800
-888032832
369393280
-927490816
686844544
-495842464
502808704
990611968
593635584
57414784
240792704
-796921728
142384384
892836992
-706404096
-542998912
933112320
-41966848
904524800
752973696
-629679808
355043584
613943680
-434196608
320221184
307239424
-61795776
207058944
-157915840
-938825408
278805248
356673792
-607355136
795386880
606417920
505440896
-946441024
-292714304
504507520
985203328
269662592
-472332192
939594496
-307562176
-401125632
-955480064
533415168
-291341632
-152924800
759965440
187733248
504916864
969149312
-867444736
-286850048
-165973248
951838720
-16748288
160739840
327766272
539310464
83406848
303329536
-409742208
-251871808
360839808
985347328
-351934464
-928143744
749319808
658674560
125667712
-423424448
-948559360
-873430720
492562816
-830445312
589342848
-530281344
663053696
-52795136
498952448
-165774272
-40180608
-997456256
-345699584
767775232
279509248
-822390144
657178112
-21003328
778449792
73851648
-822674240
712003584
-607362944
605105024
361170944
-727473408
-576070784
579557632
401731072
18678784
-37011968
317877248
-816476224
39808384
-889809600
-73905728
978733696
-69628416
-282278464
-147319168
-831985664
648790528
245255296
809655040
-268688576
615402880
-457449856
173143808
-493317376
-710843136
652766592
-280427840
258077568
618769408
444413568
-913074496
813490432
33098816
402955904
-840858112
-527578720
253062144
862550144
-560788992
-897703360
-59895936
867102848
-119677568
-123910656
-324900224
23300672
-874742400
666568576
-94231744
542073472
-670719616
-95790144
787144448
-845992000
-483008320
150466176
675852160
-50025024
-929453312
-240889472
-560938496
206979200
-147086784
-567822976
190211328
597255552
854546944
268921088
732308608
713725312
302997120
422309120
950707712
771278976
764720256
-370489664
389038208
-844983168
-404686720
655726848
-173544512
-532176960
477881088
672206976
196060288
-452360320
-82141312
-962847168
-156553280
432786944
-445478784
-306933056
3958336
-651454080
162561280
-257094336
-283447040
-62566784
-378651648
573620736
525886720
691324544
580190464
86349696
-993041856
-910532032
978709760
54918912
473181952
805343488
829734272
-743104320
583589504
325219712
156132480
-762939136
151097344
-143108416
354620160
486933888
-294005568
579557632
-183326592
402085504
721828736
-101490112
704617472
-104044608
341091200
756023936
742985856
-222440960
-332311232
-54952896
-334954112
898011776
-313641472
40621760
-995783040
55918080
-950474688
-187276800
646333568
-953126528
406880512
-124328064
-361411584
992401408
690085376
139321984
796950016
-602972544
-472566368
1744384
239442048
-56366016
58152320
262396160
-584218880
890759168
416962304
-234177536
-280732096
986593792
424669952
941346432
94224640
-991868352
358442368
299123456
-148275584
-927567808
803941376
640785664
642191232
223615232
221785728
-591370880
-312221568
792493568
-178565056
640192896
-398391104
-741733184
604489600
888643456
-950568000
159892864
-540491776
-597112704
-177077248
222752256
-703477056
-199556352
-282537856
566735488
269501056
16361920
-148632832
-870236672
-828913856
741373184
49397568
813380736
708978432
-634168384
17783424
-81746816
-519045856
-618299712
-552623104
498056832
178034176
-907558720
-452807872
-892220096
-334263040
-711056640
-867420992
-314317376
-688687744
794697600
-424923456
-243292480
207275264
-375677824
-378795072
-596396160
40514688
346603264
471870848
563268864
407460864
-984106240
257663872
-238753280
-1925824
-77044288
464203776
149131264
-680453632
508161920
-876649920
405009792
454844160
-238697856
568890624
-565804736
683340544
450679424
-563202048
-128738112
-338134976
-572189568
-126094720
217232512
-863798848
-807468544
809346560
-981210112
-846929792
721407872
-732788672
168502272
-502551488
478758656
-101777216
769313280
5979904
-908301632
-824550592
581790208
831620864
4755648
-463120064
897589504
850875264
979504256
-278830336
762127104
-454979392
